1940 18.4 24.8 27.4 42.4 57.8 66.0 72.0 70.0 61.6 47.3 38.9 30.8
1941 22.8 22.4 25.2 49.7 58.2 68.7 73.9 67.4 64.1 52.2 43.1 31.8
1942 24.4 20.4 35.6 50.1 59.8 67.8 71.0 69.2 62.9 52.4 39.4 24.4
1943 20.4 26.4 31.8 38.6 56.2 70.8 71.8 68.4 60.6 48.6 37.0 25.4
1944 28.6 24.0 29.7 40.2 63.2 67.0 72.6 72.5 62.6 49.4 40.7 23.2
1945 15.2 25.1 43.8 50.4 51.2 64.6 70.2 69.3 64.3 50.0 40.6 23.0
1946 26.2 23.4 43.2 44.4 55.6 65.2 70.5 65.8 64.0 56.8 43.7 30.6
1947 29.2 21.6 30.0 44.5 54.2 66.2 70.0 75.0 63.8 59.4 37.4 26.7
1948 18.4 23.1 34.1 49.0 53.4 65.3 72.2 70.2 64.1 49.0 46.2 31.2
1949 30.2 30.6 34.2 46.0 58.6 73.0 74.0 72.0 58.8 55.8 37.4 31.8
1950 33.3 24.4 27.8 40.8 57.1 65.9 69.6 68.6 59.9 54.0 39.6 26.5
1951 27.4 26.1 35.4 45.7 58.1 66.2 70.8 67.9 61.6 53.9 34.2 30.0
1952 27.7 28.6 33.3 48.8 54.3 68.1 75.8 70.7 64.3 47.1 42.8 33.4
1953 30.6 30.3 36.8 44.6 57.5 68.2 72.1 69.7 63.0 53.0 43.9 34.0
1954 22.6 32.1 32.1 47.0 54.9 68.1 69.9 66.9 61.3 54.1 41.3 27.7
1955 23.5 25.8 33.1 50.8 59.6 67.5 75.4 73.9 61.0 53.5 37.7 24.4
1956 23.1 26.9 28.7 42.2 52.4 66.6 68.2 68.2 58.0 53.8 41.0 32.7
1957 19.4 29.9 34.4 48.4 55.4 69.4 69.9 66.6 61.2 49.4 40.7 34.2
1958 23.9 19.4 33.6 47.9 54.3 61.4 70.4 68.2 61.5 51.2 41.5 21.4
1959 21.9 22.6 30.2 46.6 59.4 67.4 72.5 74.5 66.6 51.9 37.9 30.9
1960 24.6 26.1 22.4 48.6 58.7 65.6 68.5 67.7 64.5 50.2 43.2 23.5
1961 19.4 27.5 34.3 41.7 53.9 65.4 70.8 69.9 68.5 55.5 40.6 29.6
1962 22.9 21.4 33.5 45.7 62.4 66.0 67.6 68.4 58.9 51.8 36.9 26.0
1963 19.3 17.9 35.7 46.2 54.3 67.1 70.9 65.5 56.7 57.3 44.3 21.7
1964 28.3 24.0 34.4 47.2 60.3 65.8 73.8 66.2 61.2 48.7 42.3 29.6
1965 21.6 25.7 29.5 41.3 60.1 64.4 67.5 68.4 63.8 48.8 39.8 34.6
1966 22.6 25.5 36.6 44.4 53.0 67.8 73.0 68.9 59.2 50.1 43.5 30.8
1967 31.1 21.4 32.5 46.4 49.1 70.4 69.4 67.6 60.4 52.1 36.6 32.3
1968 19.8 20.8 36.0 49.5 53.2 64.7 70.7 69.4 64.8 53.8 41.2 27.7
1969 25.2 26.0 32.0 47.6 55.6 65.0 70.7 72.0 63.6 50.9 40.1 25.1
1970 18.0 23.7 30.8 48.4 59.5 68.1 72.2 70.1 63.0 53.9 41.4 25.5
1971 19.5 26.9 28.5 41.1 54.0 67.5 68.8 68.8 67.4 59.0 38.4 30.9
1972 26.0 23.4 30.3 42.2 60.4 65.2 73.0 69.8 64.3 47.6 37.0 33.1
1973 28.7 22.2 42.5 48.0 56.1 70.7 73.4 73.0 62.5 55.0 43.0 31.2
1974 27.1 22.5 33.0 49.4 53.9 65.7 71.3 70.6 59.2 47.6 39.5 31.4
1975 29.5 28.4 31.6 39.3 63.2 67.1 73.0 70.0 58.4 53.1 47.2 27.8
1976 19.8 33.3 37.2 48.6 55.4 69.8 69.2 68.4 60.9 47.5 35.4 23.6
1977 15.5 25.4 39.8 47.9 60.7 64.8 72.9 68.7 62.7 49.4 43.6 28.4
1978 22.9 16.2 29.7 43.6 60.2 67.4 72.6 71.6 62.4 51.0 41.0 30.0
1979 21.5 13.7 38.6 44.0 56.4 66.2 72.3 67.1 61.3 50.3 43.0 32.3
1980 24.0 19.7 32.4 47.8 60.0 63.1 72.9 74.3 63.7 48.8 38.8 24.6
1981 15.7 32.2 34.5 48.0 57.2 67.3 71.9 69.4 59.8 47.3 39.9 28.7
1982 16.1 23.0 33.5 43.2 60.9 63.6 72.0 66.1 62.8 52.7 43.4 37.4
1983 27.4 29.1 37.2 43.9 53.8 66.7 73.8 70.7 63.9 52.9 40.7 25.0
1984 20.4 33.2 26.5 47.5 52.6 66.8 69.2 72.0 60.6 54.9 40.7 35.9
1985 21.9 25.6 36.7 49.6 58.6 61.7 68.8 68.7 63.8 51.0 41.4 25.0
1986 25.0 24.5 37.0 47.9 59.8 63.3 69.8 65.7 59.8 49.9 36.9 31.7
1987 25.3 23.6 37.1 49.7 59.9 67.9 72.7 67.3 61.6 47.1 40.6 32.6
1988 25.0 23.7 34.7 45.0 58.7 64.2 73.7 71.1 60.1 45.8 42.6 29.4
1989 30.3 22.5 32.3 42.1 56.3 67.4 72.8 68.5 61.7 52.6 38.1 17.1
1990 33.6 29.3 37.3 48.8 54.4 67.2 70.7 69.9 60.7 52.1 42.4 33.8
1991 25.1 30.5 37.0 50.5 62.8 68.3 72.3 70.3 60.5 52.1 39.0 30.7
1992 26.2 27.2 30.2 44.1 57.1 63.5 66.6 66.3 60.9 46.4 38.9 30.2
1993 27.5 18.7 30.0 46.9 56.6 65.5 72.4 71.4 59.0 48.0 39.0 28.4
1994 14.9 21.1 32.0 48.0 54.2 67.8 73.5 69.2 62.4 52.4 45.8 34.8
1995 32.1 23.8 38.5 41.6 57.2 69.5 73.0 73.3 60.4 55.2 35.2 25.3
1996 23.7 24.6 29.7 43.3 54.6 68.0 73.2 69.3 62.0 51.2 34.3 33.6
1997 24.3 30.5 32.9 43.8 50.4 67.1 67.8 66.3 59.3 49.1 37.4 31.2
1998 31.6 32.6 38.1 47.7 62.9 65.7 69.6 69.8 62.7 51.2 41.8 34.6
1999 22.9 30.6 30.8 45.3 59.6 68.3 74.3 67.1 64.0 50.9 44.9 32.2
2000 23.2 30.2 41.2 45.1 59.5 65.8 67.1 67.5 60.9 51.7 38.4 22.6
2001 26.6 28.6 30.3 47.7 59.5 66.7 69.0 72.2 61.2 52.4 47.1 35.9
2002 32.6 31.9 35.1 48.2 53.4 67.6 74.0 72.4 67.7 49.9 40.5 28.4
2003 18.2 20.9 34.1 43.3 55.1 64.8 70.6 70.7 62.5 48.2 42.2 32.3
2004 17.2 25.0 38.6 45.8 58.7 62.7 68.3 66.9 64.2 50.2 41.1 29.3
2005 21.7 25.8 29.7 46.0 52.2 70.5 73.0 72.8 65.5 53.4 43.7 28.1
2006 35.5 28.4 36.0 48.0 58.9 67.8 75.0 70.3 62.0 50.6 45.9 39.0
2007 30.0 20.3 35.3 44.5 59.5 69.5 69.7 71.7 64.7 58.0 38.5 29.3
2008 30.4 26.4 31.5 52.3 54.8 69.8 72.0 67.6 63.1 49.6 39.3 30.6
2009 19.1 29.0 35.8 46.6 56.8 63.5 66.2 69.3 60.7 48.2 41.9 27.9
2010 24.2 25.5 39.9 52.3 60.5 66.8 73.6 71.0 61.9 50.7 39.9 26.2
